-36.657 0
-36.607 0.001
-36.557 0.002
-36.508 0.003
-36.458 0.004
-36.408 0.005
-36.358 0.006
-36.308 0.007
-36.259 0.008
-36.209 0.009
-36.159 0.01
-36.109 0.011
-36.059 0.012
-36.01 0.013
-35.96 0.014
-35.91 0.015
-35.86 0.016
-35.81 0.017
-35.761 0.018
-35.711 0.019
-35.661 0.02
-35.611 0.021
-35.561 0.022
-35.512 0.023
-35.462 0.024
-35.412 0.025
-35.362 0.026
-35.312 0.027
-35.263 0.028
-35.213 0.029
-35.163 0.03
-35.113 0.031
-35.063 0.032
-35.014 0.033
-34.964 0.034
-34.914 0.035
-34.864 0.036
-34.814 0.037
-34.765 0.038
-34.715 0.039
-34.665 0.04
-34.615 0.041
-34.565 0.042
-34.516 0.043
-34.466 0.044
-34.416 0.045
-34.366 0.046
-34.316 0.047
-34.267 0.048
-34.217 0.049
-34.167 0.05
-34.117 0.051
-34.067 0.052
-34.018 0.053
-33.968 0.054
-33.918 0.055
-33.868 0.056
-33.818 0.057
-33.769 0.058
-33.719 0.059
-33.669 0.06
-33.619 0.061
-33.569 0.062
-33.52 0.063
-33.47 0.064
-33.42 0.065
-33.37 0.066
-33.32 0.067
-33.271 0.068
-33.221 0.069
-33.171 0.07
-33.121 0.071
-33.071 0.072
-33.022 0.073
-32.972 0.074
-32.922 0.075
-32.872 0.076
-32.822 0.077
-32.773 0.078
-32.723 0.079
-32.673 0.08
-32.623 0.081
-32.573 0.082
-32.524 0.083
-32.474 0.084
-32.424 0.085
-32.374 0.086
-32.324 0.087
-32.275 0.088
-32.225 0.089
-32.175 0.09
-32.125 0.091
-32.075 0.092
-32.026 0.093
-31.976 0.094
-31.926 0.095
-31.876 0.096
-31.826 0.097
-31.777 0.098
-31.727 0.099
-31.677 0.1
-31.627 0.101
-31.577 0.102
-31.528 0.103
-31.478 0.104
-31.428 0.105
-31.378 0.106
-31.328 0.107
-31.279 0.108
-31.229 0.109
-31.179 0.11
-31.129 0.111
-31.079 0.112
-31.03 0.113
-30.98 0.114
-30.93 0.115
-30.88 0.116
-30.83 0.117
-30.781 0.118
-30.731 0.119
-30.681 0.12
-30.631 0.121
-30.581 0.122
-30.532 0.123
-30.482 0.124
-30.432 0.125
-30.382 0.126
-30.332 0.127
-30.283 0.128
-30.233 0.129
-30.183 0.13
-30.133 0.131
-30.083 0.132
-30.034 0.133
-29.984 0.134
-29.934 0.135
-29.884 0.136
-29.834 0.137
-29.785 0.138
-29.735 0.139
-29.685 0.14
-29.635 0.141
-29.585 0.142
-29.536 0.143
-29.486 0.144
-29.436 0.145
-29.386 0.146
-29.336 0.147
-29.287 0.148
-29.237 0.149
-29.187 0.15
-29.137 0.151
-29.087 0.152
-29.038 0.153
-28.988 0.154
-28.938 0.155
-28.888 0.156
-28.838 0.157
-28.789 0.158
-28.739 0.159
-28.689 0.16
-28.639 0.161
-28.589 0.162
-28.54 0.163
-28.49 0.164
-28.44 0.165
-28.39 0.166
-28.34 0.167
-28.291 0.168
-28.241 0.169
-28.191 0.17
-28.141 0.171
-28.091 0.172
-28.042 0.173
-27.992 0.174
-27.942 0.175
-27.892 0.176
-27.842 0.177
-27.793 0.178
-27.743 0.179
-27.693 0.18
-27.643 0.181
-27.593 0.182
-27.544 0.183
-27.494 0.184
-27.444 0.185
-27.394 0.186
-27.344 0.187
-27.295 0.188
-27.245 0.189
-27.195 0.19
-27.145 0.191
-27.095 0.192
-27.046 0.193
-26.996 0.194
-26.946 0.195
-26.896 0.196
-26.846 0.197
-26.797 0.198
-26.747 0.199
-26.697 0.2
-26.647 0.201
-26.597 0.202
-26.548 0.203
-26.498 0.204
-26.448 0.205
-26.398 0.206
-26.348 0.207
-26.299 0.208
-26.249 0.209
-26.199 0.21
-26.149 0.211
-26.099 0.212
-26.05 0.213
-26 0.214
-25.95 0.215
-25.9 0.216
-25.85 0.217
-25.801 0.218
-25.751 0.219
-25.701 0.22
-25.651 0.221
-25.601 0.222
-25.552 0.223
-25.502 0.224
-25.452 0.225
-25.402 0.226
-25.352 0.227
-25.303 0.228
-25.253 0.229
-25.203 0.23
-25.153 0.231
-25.103 0.232
-25.054 0.233
-25.004 0.234
-24.954 0.235
-24.904 0.236
-24.854 0.237
-24.805 0.238
-24.755 0.239
-24.705 0.24
-24.655 0.241
-24.605 0.242
-24.556 0.243
-24.506 0.244
-24.456 0.245
-24.406 0.246
-24.356 0.247
-24.307 0.248
-24.257 0.249
-24.207 0.25
-24.157 0.251
-24.107 0.252
-24.058 0.253
-24.008 0.254
-23.958 0.255
-23.908 0.256
-23.858 0.257
-23.809 0.258
-23.759 0.259
-23.709 0.26
-23.659 0.261
-23.609 0.262
-23.56 0.263
-23.51 0.264
-23.46 0.265
-23.41 0.266
-23.36 0.267
-23.311 0.268
-23.261 0.269
-23.211 0.27
-23.161 0.271
-23.111 0.272
-23.062 0.273
-23.012 0.274
-22.962 0.275
-22.912 0.276
-22.862 0.277
-22.813 0.278
-22.763 0.279
-22.713 0.28
-22.663 0.281
-22.613 0.282
-22.564 0.283
-22.514 0.284
-22.464 0.285
-22.414 0.286
-22.364 0.287
-22.315 0.288
-22.265 0.289
-22.215 0.29
-22.165 0.291
-22.115 0.292
-22.066 0.293
-22.016 0.294
-21.966 0.295
-21.916 0.296
-21.866 0.297
-21.817 0.298
-21.767 0.299
-21.717 0.3
-21.667 0.301
-21.617 0.302
-21.568 0.303
-21.518 0.304
-21.468 0.305
-21.418 0.306
-21.368 0.307
-21.319 0.308
-21.269 0.309
-21.219 0.31
-21.169 0.311
-21.119 0.312
-21.07 0.313
-21.02 0.314
-20.97 0.315
-20.92 0.316
-20.87 0.317
-20.821 0.318
-20.771 0.319
-20.721 0.32
-20.671 0.321
-20.621 0.322
-20.572 0.323
-20.522 0.324
-20.472 0.325
-20.422 0.326
-20.372 0.327
-20.323 0.328
-20.273 0.329
-20.223 0.33
-20.173 0.331
-20.123 0.332
-20.074 0.333
-20.024 0.334
-19.974 0.335
-19.924 0.336
-19.874 0.337
-19.825 0.338
-19.775 0.339
-19.725 0.34
-19.675 0.341
-19.625 0.342
-19.576 0.343
-19.526 0.344
-19.476 0.345
-19.426 0.346
-19.376 0.347
-19.327 0.348
-19.277 0.349
-19.227 0.35
-19.177 0.351
-19.127 0.352
-19.078 0.353
-19.028 0.354
-18.978 0.355
-18.928 0.356
-18.878 0.357
-18.829 0.358
-18.779 0.359
-18.729 0.36
-18.679 0.361
-18.629 0.362
-18.58 0.363
-18.53 0.364
-18.48 0.365
-18.43 0.366
-18.38 0.367
-18.331 0.368
-18.281 0.369
-18.231 0.37
-18.181 0.371
-18.131 0.372
-18.082 0.373
-18.032 0.374
-17.982 0.375
-17.932 0.376
-17.882 0.377
-17.833 0.378
-17.783 0.379
-17.733 0.38
-17.683 0.381
-17.633 0.382
-17.584 0.383
-17.534 0.384
-17.484 0.385
-17.434 0.386
-17.384 0.387
-17.335 0.388
-17.285 0.389
-17.235 0.39
-17.185 0.391
-17.135 0.392
-17.086 0.393
-17.036 0.394
-16.986 0.395
-16.936 0.396
-16.886 0.397
-16.837 0.398
-16.787 0.399
-16.737 0.4
-16.687 0.401
-16.637 0.402
-16.588 0.403
-16.538 0.404
-16.488 0.405
-16.438 0.406
-16.388 0.407
-16.339 0.408
-16.289 0.409
-16.239 0.41
-16.189 0.411
-16.139 0.412
-16.09 0.413
-16.04 0.414
-15.99 0.415
-15.94 0.416
-15.89 0.417
-15.841 0.418
-15.791 0.419
-15.741 0.42
-15.691 0.421
-15.641 0.422
-15.592 0.423
-15.542 0.424
-15.492 0.425
-15.442 0.426
-15.392 0.427
-15.343 0.428
-15.293 0.429
-15.243 0.43
-15.193 0.431
-15.143 0.432
-15.094 0.433
-15.044 0.434
-14.994 0.435
-14.944 0.436
-14.894 0.437
-14.845 0.438
-14.795 0.439
-14.745 0.44
-14.695 0.441
-14.645 0.442
-14.596 0.443
-14.546 0.444
-14.496 0.445
-14.446 0.446
-14.396 0.447
-14.347 0.448
-14.297 0.449
-14.247 0.45
-14.197 0.451
-14.147 0.452
-14.098 0.453
-14.048 0.454
-13.998 0.455
-13.948 0.456
-13.898 0.457
-13.849 0.458
-13.799 0.459
-13.749 0.46
-13.699 0.461
-13.649 0.462
-13.6 0.463
-13.55 0.464
-13.5 0.465
-13.45 0.466
-13.4 0.467
-13.351 0.468
-13.301 0.469
-13.251 0.47
-13.189 0.471
-13.127 0.472
-13.064 0.473
-13.002 0.474
-12.94 0.475
-12.878 0.476
-12.816 0.477
-12.753 0.478
-12.691 0.479
-12.629 0.48
-12.565 0.481
-12.5 0.482
-12.436 0.483
-12.371 0.484
-12.306 0.485
-12.241 0.486
-12.176 0.487
-12.111 0.488
-12.045 0.489
-11.979 0.49
-11.913 0.491
-11.846 0.492
-11.779 0.493
-11.712 0.494
-11.644 0.495
-11.576 0.496
-11.508 0.497
-11.439 0.498
-11.37 0.499
-11.301 0.5
-11.232 0.501
-11.162 0.502
-11.092 0.503
-11.022 0.504
-10.951 0.505
-10.88 0.506
-10.809 0.507
-10.738 0.508
-10.666 0.509
-10.594 0.51
-10.522 0.511
-10.449 0.512
-10.376 0.513
-10.303 0.514
-10.229 0.515
-10.156 0.516
-10.081 0.517
-10.007 0.518
-9.9321 0.519
-9.857 0.52
-9.7816 0.521
-9.7058 0.522
-9.6297 0.523
-9.5533 0.524
-9.4765 0.525
-9.3993 0.526
-9.3218 0.527
-9.2439 0.528
-9.1657 0.529
-9.087 0.53
-9.008 0.531
-8.9285 0.532
-8.8487 0.533
-8.7685 0.534
-8.6878 0.535
-8.6068 0.536
-8.5254 0.537
-8.4437 0.538
-8.3615 0.539
-8.2789 0.54
-8.1959 0.541
-8.1126 0.542
-8.0288 0.543
-7.9447 0.544
-7.8601 0.545
-7.7751 0.546
-7.6897 0.547
-7.6039 0.548
-7.5176 0.549
-7.4309 0.55
-7.3438 0.551
-7.2562 0.552
-7.1682 0.553
-7.0797 0.554
-6.9907 0.555
-6.9013 0.556
-6.8114 0.557
-6.721 0.558
-6.6301 0.559
-6.5387 0.56
-6.4468 0.561
-6.3544 0.562
-6.2615 0.563
-6.1681 0.564
-6.0742 0.565
-5.9797 0.566
-5.8848 0.567
-5.7894 0.568
-5.6934 0.569
-5.597 0.57
-5.5 0.571
-5.4026 0.572
-5.3046 0.573
-5.2061 0.574
-5.1071 0.575
-5.0075 0.576
-4.9074 0.577
-4.8068 0.578
-4.7056 0.579
-4.6039 0.58
-4.5016 0.581
-4.3988 0.582
-4.2953 0.583
-4.1913 0.584
-4.0867 0.585
-3.9815 0.586
-3.8757 0.587
-3.7692 0.588
-3.6622 0.589
-3.5545 0.59
-3.4462 0.591
-3.3372 0.592
-3.2276 0.593
-3.1173 0.594
-3.0063 0.595
-2.8947 0.596
-2.7824 0.597
-2.6694 0.598
-2.5558 0.599
-2.4414 0.6
-2.3264 0.601
-2.2106 0.602
-2.0942 0.603
-1.977 0.604
-1.8592 0.605
-1.7407 0.606
-1.6215 0.607
-1.5016 0.608
-1.3811 0.609
-1.2598 0.61
-1.1378 0.611
-1.0152 0.612
-0.89174 0.613
-0.76751 0.614
-0.64244 0.615
-0.51649 0.616
-0.38963 0.617
-0.26182 0.618
-0.13302 0.619
-0.0031865 0.62
0.12769 0.621
0.25952 0.622
0.3922 0.623
0.52563 0.624
0.65969 0.625
0.79428 0.626
0.9293 0.627
1.0646 0.628
1.2002 0.629
1.3358 0.63
1.4715 0.631
1.6077 0.632
1.7447 0.633
1.883 0.634
2.0231 0.635
2.1654 0.636
2.3103 0.637
2.4583 0.638
2.6098 0.639
2.7652 0.64
2.9247 0.641
3.087 0.642
3.2504 0.643
3.4135 0.644
3.5746 0.645
3.732 0.646
3.8843 0.647
4.0298 0.648
4.1669 0.649
4.294 0.65
4.4108 0.651
4.522 0.652
4.6337 0.653
4.7518 0.654
4.8824 0.655
5.0314 0.656
5.205 0.657
5.409 0.658
5.6496 0.659
5.9327 0.66
6.2613 0.661
6.6263 0.662
7.0154 0.663
7.4165 0.664
7.8174 0.665
8.206 0.666
8.5699 0.667
8.8972 0.668
9.1754 0.669
9.3926 0.67
9.5405 0.671
9.6274 0.672
9.6653 0.673
9.6666 0.674
9.6434 0.675
9.608 0.676
9.5725 0.677
9.5493 0.678
9.5504 0.679
9.5881 0.68
9.6716 0.681
9.798 0.682
9.9612 0.683
10.155 0.684
10.374 0.685
10.612 0.686
10.863 0.687
11.121 0.688
11.379 0.689
11.633 0.69
11.877 0.691
12.112 0.692
12.338 0.693
12.559 0.694
12.775 0.695
12.989 0.696
13.201 0.697
13.413 0.698
13.628 0.699
13.846 0.7
14.069 0.701
14.297 0.702
14.529 0.703
14.766 0.704
15.006 0.705
15.249 0.706
15.495 0.707
15.744 0.708
15.995 0.709
16.247 0.71
16.501 0.711
16.756 0.712
17.012 0.713
17.27 0.714
17.53 0.715
17.792 0.716
18.056 0.717
18.322 0.718
18.59 0.719
18.861 0.72
19.134 0.721
19.411 0.722
19.689 0.723
19.971 0.724
20.255 0.725
20.541 0.726
20.83 0.727
21.122 0.728
21.417 0.729
21.714 0.73
22.014 0.731
22.316 0.732
22.622 0.733
22.93 0.734
23.241 0.735
23.555 0.736
23.871 0.737
24.191 0.738
24.514 0.739
24.84 0.74
25.169 0.741
25.501 0.742
25.837 0.743
26.176 0.744
26.518 0.745
26.863 0.746
27.212 0.747
27.564 0.748
27.92 0.749
28.279 0.75
28.642 0.751
29.008 0.752
29.378 0.753
29.752 0.754
30.13 0.755
30.512 0.756
30.897 0.757
31.287 0.758
31.68 0.759
32.078 0.76
32.48 0.761
32.886 0.762
33.296 0.763
33.711 0.764
34.13 0.765
34.554 0.766
34.982 0.767
35.415 0.768
35.853 0.769
36.295 0.77
36.742 0.771
37.194 0.772
37.652 0.773
38.114 0.774
38.582 0.775
39.054 0.776
39.533 0.777
40.016 0.778
40.505 0.779
41 0.78
41.5 0.781
42.007 0.782
42.519 0.783
43.037 0.784
43.561 0.785
44.092 0.786
44.629 0.787
45.172 0.788
45.722 0.789
46.279 0.79
46.842 0.791
47.413 0.792
47.99 0.793
48.575 0.794
49.167 0.795
49.766 0.796
50.373 0.797
50.988 0.798
51.611 0.799
52.241 0.8
52.879 0.801
53.526 0.802
54.181 0.803
54.845 0.804
55.518 0.805
56.199 0.806
56.89 0.807
57.591 0.808
58.3 0.809
59.02 0.81
59.75 0.811
60.489 0.812
61.24 0.813
62 0.814
62.772 0.815
63.555 0.816
64.35 0.817
65.156 0.818
65.974 0.819
66.804 0.82
67.647 0.821
68.502 0.822
69.37 0.823
70.251 0.824
71.145 0.825
72.052 0.826
72.974 0.827
73.909 0.828
74.858 0.829
75.821 0.83
76.799 0.831
77.792 0.832
78.8 0.833
79.825 0.834
80.867 0.835
81.925 0.836
83.002 0.837
84.097 0.838
85.212 0.839
86.346 0.84
87.5 0.841
88.675 0.842
89.871 0.843
91.087 0.844
92.325 0.845
93.584 0.846
94.864 0.847
96.167 0.848
97.491 0.849
98.838 0.85
100.21 0.851
101.6 0.852
103.02 0.853
104.46 0.854
105.94 0.855
107.44 0.856
108.97 0.857
110.53 0.858
112.13 0.859
113.76 0.86
115.43 0.861
117.13 0.862
118.86 0.863
120.64 0.864
122.45 0.865
124.3 0.866
126.18 0.867
128.1 0.868
130.06 0.869
132.06 0.87
134.1 0.871
136.17 0.872
138.29 0.873
140.46 0.874
142.67 0.875
144.93 0.876
147.25 0.877
149.61 0.878
152.04 0.879
154.52 0.88
157.06 0.881
159.67 0.882
162.34 0.883
165.08 0.884
167.89 0.885
170.77 0.886
173.72 0.887
176.74 0.888
179.85 0.889
183.03 0.89
186.3 0.891
189.66 0.892
193.13 0.893
196.72 0.894
200.45 0.895
204.33 0.896
208.38 0.897
212.6 0.898
217.02 0.899
221.64 0.9
226.48 0.901
231.5 0.902
236.67 0.903
241.95 0.904
247.31 0.905
252.71 0.906
258.12 0.907
263.51 0.908
268.82 0.909
274.04 0.91
279.15 0.911
284.27 0.912
289.54 0.913
295.11 0.914
301.12 0.915
307.71 0.916
315.03 0.917
323.22 0.918
332.43 0.919
342.79 0.92
354.39 0.921
367.03 0.922
380.44 0.923
394.37 0.924
408.55 0.925
422.72 0.926
436.6 0.927
449.95 0.928
462.49 0.929
473.97 0.93
484.22 0.931
493.48 0.932
502.11 0.933
510.44 0.934
518.84 0.935
527.63 0.936
537.17 0.937
547.81 0.938
559.89 0.939
573.76 0.94
589.68 0.941
607.56 0.942
627.25 0.943
648.57 0.944
671.35 0.945
695.43 0.946
720.65 0.947
746.82 0.948
773.79 0.949
801.39 0.95
829.57 0.951
858.78 0.952
889.6 0.953
922.58 0.954
958.31 0.955
997.34 0.956
1040.3 0.957
1087.6 0.958
1140 0.959
1198 0.96
1262 0.961
1331.6 0.962
1406.3 0.963
1485.6 0.964
1568.9 0.965
1655.8 0.966
1745.7 0.967
1838.1 0.968
1932.5 0.969
2028.3 0.97
2126.8 0.971
2236.3 0.972
2366.9 0.973
2528.7 0.974
2731.7 0.975
2986.1 0.976
3302 0.977
3689.4 0.978
4158.5 0.979
4719.3 0.98
5379.3 0.981
6135.7 0.982
6983 0.983
7915.7 0.984
8928.3 0.985
10016 0.986
11172 0.987
12392 0.988
13669 0.989
15000 0.99
16378 0.991
17797 0.992
19253 0.993
20740 0.994
22251 0.995
23783 0.996
25329 0.997
26885 0.998
28443 0.999
30000 1
