-109.47 0
-109.32 0.001
-109.17 0.002
-109.02 0.003
-108.87 0.004
-108.72 0.005
-108.58 0.006
-108.43 0.007
-108.28 0.008
-108.13 0.009
-107.98 0.01
-107.83 0.011
-107.69 0.012
-107.54 0.013
-107.39 0.014
-107.24 0.015
-107.09 0.016
-106.94 0.017
-106.8 0.018
-106.65 0.019
-106.5 0.02
-106.35 0.021
-106.2 0.022
-106.05 0.023
-105.91 0.024
-105.76 0.025
-105.61 0.026
-105.46 0.027
-105.31 0.028
-105.16 0.029
-105.02 0.03
-104.87 0.031
-104.72 0.032
-104.57 0.033
-104.42 0.034
-104.27 0.035
-104.13 0.036
-103.98 0.037
-103.83 0.038
-103.68 0.039
-103.53 0.04
-103.38 0.041
-103.24 0.042
-103.09 0.043
-102.94 0.044
-102.79 0.045
-102.64 0.046
-102.49 0.047
-102.35 0.048
-102.2 0.049
-102.05 0.05
-101.9 0.051
-101.75 0.052
-101.61 0.053
-101.46 0.054
-101.31 0.055
-101.16 0.056
-101.01 0.057
-100.86 0.058
-100.72 0.059
-100.57 0.06
-100.42 0.061
-100.27 0.062
-100.12 0.063
-99.974 0.064
-99.826 0.065
-99.677 0.066
-99.529 0.067
-99.381 0.068
-99.232 0.069
-99.084 0.07
-98.936 0.071
-98.787 0.072
-98.639 0.073
-98.491 0.074
-98.342 0.075
-98.194 0.076
-98.046 0.077
-97.898 0.078
-97.749 0.079
-97.601 0.08
-97.453 0.081
-97.304 0.082
-97.156 0.083
-97.008 0.084
-96.86 0.085
-96.711 0.086
-96.563 0.087
-96.415 0.088
-96.266 0.089
-96.118 0.09
-95.97 0.091
-95.821 0.092
-95.673 0.093
-95.525 0.094
-95.377 0.095
-95.228 0.096
-95.08 0.097
-94.932 0.098
-94.783 0.099
-94.635 0.1
-94.487 0.101
-94.338 0.102
-94.19 0.103
-94.042 0.104
-93.894 0.105
-93.745 0.106
-93.597 0.107
-93.449 0.108
-93.3 0.109
-93.152 0.11
-93.004 0.111
-92.855 0.112
-92.707 0.113
-92.559 0.114
-92.411 0.115
-92.262 0.116
-92.114 0.117
-91.966 0.118
-91.817 0.119
-91.669 0.12
-91.521 0.121
-91.372 0.122
-91.224 0.123
-91.076 0.124
-90.928 0.125
-90.779 0.126
-90.631 0.127
-90.483 0.128
-90.334 0.129
-90.186 0.13
-90.038 0.131
-89.889 0.132
-89.741 0.133
-89.593 0.134
-89.445 0.135
-89.296 0.136
-89.148 0.137
-89 0.138
-88.851 0.139
-88.703 0.14
-88.555 0.141
-88.406 0.142
-88.258 0.143
-88.11 0.144
-87.962 0.145
-87.813 0.146
-87.665 0.147
-87.517 0.148
-87.368 0.149
-87.22 0.15
-87.072 0.151
-86.923 0.152
-86.775 0.153
-86.627 0.154
-86.479 0.155
-86.33 0.156
-86.182 0.157
-86.034 0.158
-85.885 0.159
-85.737 0.16
-85.589 0.161
-85.44 0.162
-85.292 0.163
-85.144 0.164
-84.996 0.165
-84.847 0.166
-84.699 0.167
-84.551 0.168
-84.402 0.169
-84.254 0.17
-84.106 0.171
-83.957 0.172
-83.809 0.173
-83.661 0.174
-83.513 0.175
-83.364 0.176
-83.216 0.177
-83.068 0.178
-82.919 0.179
-82.771 0.18
-82.623 0.181
-82.474 0.182
-82.326 0.183
-82.178 0.184
-82.03 0.185
-81.881 0.186
-81.733 0.187
-81.585 0.188
-81.436 0.189
-81.288 0.19
-81.14 0.191
-80.991 0.192
-80.843 0.193
-80.695 0.194
-80.546 0.195
-80.398 0.196
-80.25 0.197
-80.102 0.198
-79.953 0.199
-79.805 0.2
-79.657 0.201
-79.508 0.202
-79.36 0.203
-79.212 0.204
-79.064 0.205
-78.915 0.206
-78.767 0.207
-78.619 0.208
-78.47 0.209
-78.322 0.21
-78.174 0.211
-78.025 0.212
-77.877 0.213
-77.729 0.214
-77.581 0.215
-77.432 0.216
-77.284 0.217
-77.136 0.218
-76.987 0.219
-76.839 0.22
-76.691 0.221
-76.542 0.222
-76.394 0.223
-76.246 0.224
-76.098 0.225
-75.949 0.226
-75.801 0.227
-75.653 0.228
-75.504 0.229
-75.356 0.23
-75.208 0.231
-75.059 0.232
-74.911 0.233
-74.763 0.234
-74.615 0.235
-74.466 0.236
-74.318 0.237
-74.17 0.238
-74.021 0.239
-73.873 0.24
-73.725 0.241
-73.576 0.242
-73.428 0.243
-73.28 0.244
-73.132 0.245
-72.983 0.246
-72.835 0.247
-72.687 0.248
-72.538 0.249
-72.39 0.25
-72.242 0.251
-72.093 0.252
-71.945 0.253
-71.797 0.254
-71.649 0.255
-71.5 0.256
-71.352 0.257
-71.204 0.258
-71.055 0.259
-70.907 0.26
-70.759 0.261
-70.61 0.262
-70.462 0.263
-70.314 0.264
-70.166 0.265
-70.017 0.266
-69.869 0.267
-69.721 0.268
-69.572 0.269
-69.424 0.27
-69.276 0.271
-69.127 0.272
-68.979 0.273
-68.831 0.274
-68.683 0.275
-68.534 0.276
-68.386 0.277
-68.238 0.278
-68.089 0.279
-67.941 0.28
-67.793 0.281
-67.644 0.282
-67.496 0.283
-67.348 0.284
-67.2 0.285
-67.051 0.286
-66.903 0.287
-66.755 0.288
-66.606 0.289
-66.458 0.29
-66.31 0.291
-66.161 0.292
-66.013 0.293
-65.865 0.294
-65.717 0.295
-65.568 0.296
-65.42 0.297
-65.272 0.298
-65.123 0.299
-64.975 0.3
-64.827 0.301
-64.678 0.302
-64.53 0.303
-64.382 0.304
-64.234 0.305
-64.085 0.306
-63.937 0.307
-63.789 0.308
-63.64 0.309
-63.492 0.31
-63.344 0.311
-63.195 0.312
-63.047 0.313
-62.899 0.314
-62.75 0.315
-62.602 0.316
-62.454 0.317
-62.306 0.318
-62.157 0.319
-62.009 0.32
-61.861 0.321
-61.712 0.322
-61.564 0.323
-61.416 0.324
-61.268 0.325
-61.119 0.326
-60.971 0.327
-60.823 0.328
-60.674 0.329
-60.526 0.33
-60.378 0.331
-60.229 0.332
-60.081 0.333
-59.933 0.334
-59.785 0.335
-59.636 0.336
-59.488 0.337
-59.34 0.338
-59.191 0.339
-59.043 0.34
-58.895 0.341
-58.746 0.342
-58.598 0.343
-58.45 0.344
-58.301 0.345
-58.153 0.346
-58.005 0.347
-57.857 0.348
-57.708 0.349
-57.56 0.35
-57.412 0.351
-57.263 0.352
-57.115 0.353
-56.967 0.354
-56.819 0.355
-56.67 0.356
-56.522 0.357
-56.374 0.358
-56.225 0.359
-56.077 0.36
-55.929 0.361
-55.78 0.362
-55.632 0.363
-55.484 0.364
-55.336 0.365
-55.187 0.366
-55.039 0.367
-54.891 0.368
-54.742 0.369
-54.594 0.37
-54.446 0.371
-54.297 0.372
-54.149 0.373
-54.001 0.374
-53.853 0.375
-53.704 0.376
-53.556 0.377
-53.408 0.378
-53.259 0.379
-53.111 0.38
-52.963 0.381
-52.814 0.382
-52.666 0.383
-52.518 0.384
-52.369 0.385
-52.221 0.386
-52.073 0.387
-51.925 0.388
-51.776 0.389
-51.628 0.39
-51.48 0.391
-51.331 0.392
-51.183 0.393
-51.035 0.394
-50.887 0.395
-50.738 0.396
-50.59 0.397
-50.442 0.398
-50.293 0.399
-50.145 0.4
-49.997 0.401
-49.848 0.402
-49.7 0.403
-49.552 0.404
-49.404 0.405
-49.255 0.406
-49.107 0.407
-48.959 0.408
-48.81 0.409
-48.662 0.41
-48.514 0.411
-48.365 0.412
-48.217 0.413
-48.069 0.414
-47.921 0.415
-47.772 0.416
-47.624 0.417
-47.476 0.418
-47.327 0.419
-47.179 0.42
-47.031 0.421
-46.882 0.422
-46.734 0.423
-46.586 0.424
-46.438 0.425
-46.289 0.426
-46.141 0.427
-45.993 0.428
-45.844 0.429
-45.696 0.43
-45.548 0.431
-45.399 0.432
-45.251 0.433
-45.103 0.434
-44.955 0.435
-44.806 0.436
-44.658 0.437
-44.51 0.438
-44.361 0.439
-44.213 0.44
-44.065 0.441
-43.916 0.442
-43.768 0.443
-43.62 0.444
-43.472 0.445
-43.323 0.446
-43.175 0.447
-43.027 0.448
-42.878 0.449
-42.73 0.45
-42.582 0.451
-42.433 0.452
-42.285 0.453
-42.137 0.454
-41.989 0.455
-41.84 0.456
-41.692 0.457
-41.544 0.458
-41.395 0.459
-41.247 0.46
-41.099 0.461
-40.95 0.462
-40.802 0.463
-40.654 0.464
-40.506 0.465
-40.357 0.466
-40.209 0.467
-40.061 0.468
-39.912 0.469
-39.764 0.47
-39.587 0.471
-39.411 0.472
-39.234 0.473
-39.058 0.474
-38.881 0.475
-38.704 0.476
-38.528 0.477
-38.351 0.478
-38.175 0.479
-37.998 0.48
-37.818 0.481
-37.639 0.482
-37.46 0.483
-37.282 0.484
-37.103 0.485
-36.925 0.486
-36.747 0.487
-36.569 0.488
-36.391 0.489
-36.213 0.49
-36.035 0.491
-35.856 0.492
-35.678 0.493
-35.5 0.494
-35.321 0.495
-35.142 0.496
-34.963 0.497
-34.784 0.498
-34.605 0.499
-34.426 0.5
-34.247 0.501
-34.067 0.502
-33.888 0.503
-33.709 0.504
-33.53 0.505
-33.351 0.506
-33.172 0.507
-32.993 0.508
-32.815 0.509
-32.637 0.51
-32.459 0.511
-32.282 0.512
-32.105 0.513
-31.927 0.514
-31.749 0.515
-31.571 0.516
-31.391 0.517
-31.211 0.518
-31.029 0.519
-30.846 0.52
-30.661 0.521
-30.476 0.522
-30.29 0.523
-30.105 0.524
-29.92 0.525
-29.738 0.526
-29.559 0.527
-29.382 0.528
-29.21 0.529
-29.043 0.53
-28.881 0.531
-28.721 0.532
-28.562 0.533
-28.4 0.534
-28.233 0.535
-28.059 0.536
-27.874 0.537
-27.676 0.538
-27.462 0.539
-27.23 0.54
-26.978 0.541
-26.709 0.542
-26.427 0.543
-26.136 0.544
-25.84 0.545
-25.544 0.546
-25.25 0.547
-24.964 0.548
-24.69 0.549
-24.43 0.55
-24.189 0.551
-23.965 0.552
-23.756 0.553
-23.561 0.554
-23.377 0.555
-23.201 0.556
-23.033 0.557
-22.87 0.558
-22.71 0.559
-22.55 0.56
-22.389 0.561
-22.226 0.562
-22.059 0.563
-21.887 0.564
-21.708 0.565
-21.521 0.566
-21.325 0.567
-21.119 0.568
-20.901 0.569
-20.67 0.57
-20.425 0.571
-20.168 0.572
-19.9 0.573
-19.624 0.574
-19.341 0.575
-19.054 0.576
-18.764 0.577
-18.474 0.578
-18.185 0.579
-17.9 0.58
-17.62 0.581
-17.347 0.582
-17.081 0.583
-16.823 0.584
-16.574 0.585
-16.335 0.586
-16.108 0.587
-15.892 0.588
-15.689 0.589
-15.5 0.59
-15.325 0.591
-15.163 0.592
-15.013 0.593
-14.872 0.594
-14.738 0.595
-14.61 0.596
-14.487 0.597
-14.366 0.598
-14.245 0.599
-14.124 0.6
-14 0.601
-13.875 0.602
-13.749 0.603
-13.624 0.604
-13.501 0.605
-13.381 0.606
-13.266 0.607
-13.157 0.608
-13.055 0.609
-12.961 0.61
-12.876 0.611
-12.795 0.612
-12.716 0.613
-12.632 0.614
-12.54 0.615
-12.435 0.616
-12.313 0.617
-12.169 0.618
-11.998 0.619
-11.797 0.62
-11.562 0.621
-11.299 0.622
-11.014 0.623
-10.713 0.624
-10.405 0.625
-10.094 0.626
-9.7882 0.627
-9.4941 0.628
-9.2183 0.629
-8.9675 0.63
-8.7464 0.631
-8.5514 0.632
-8.3771 0.633
-8.218 0.634
-8.0684 0.635
-7.9229 0.636
-7.7759 0.637
-7.6219 0.638
-7.4554 0.639
-7.2709 0.64
-7.0645 0.641
-6.8395 0.642
-6.6009 0.643
-6.3536 0.644
-6.1026 0.645
-5.8528 0.646
-5.6092 0.647
-5.3768 0.648
-5.1606 0.649
-4.9655 0.65
-4.794 0.651
-4.639 0.652
-4.4909 0.653
-4.3399 0.654
-4.1765 0.655
-3.991 0.656
-3.7739 0.657
-3.5154 0.658
-3.206 0.659
-2.836 0.66
-2.4002 0.661
-1.9113 0.662
-1.3861 0.663
-0.84159 0.664
-0.29485 0.665
0.23717 0.666
0.7375 0.667
1.1892 0.668
1.5752 0.669
1.8785 0.67
2.0878 0.671
2.2138 0.672
2.2729 0.673
2.2814 0.674
2.2558 0.675
2.2123 0.676
2.1674 0.677
2.1373 0.678
2.1385 0.679
2.1873 0.68
2.296 0.681
2.4608 0.682
2.6739 0.683
2.9275 0.684
3.2136 0.685
3.5245 0.686
3.8523 0.687
4.1892 0.688
4.5272 0.689
4.8587 0.69
5.1773 0.691
5.4835 0.692
5.7793 0.693
6.0666 0.694
6.3476 0.695
6.6241 0.696
6.8983 0.697
7.172 0.698
7.4474 0.699
7.7265 0.7
8.0111 0.701
8.3028 0.702
8.603 0.703
8.9132 0.704
9.2347 0.705
9.5689 0.706
9.9174 0.707
10.281 0.708
10.662 0.709
11.062 0.71
11.481 0.711
11.917 0.712
12.369 0.713
12.834 0.714
13.31 0.715
13.794 0.716
14.285 0.717
14.78 0.718
15.277 0.719
15.773 0.72
16.267 0.721
16.757 0.722
17.241 0.723
17.719 0.724
18.188 0.725
18.647 0.726
19.094 0.727
19.529 0.728
19.95 0.729
20.355 0.73
20.743 0.731
21.116 0.732
21.475 0.733
21.822 0.734
22.159 0.735
22.487 0.736
22.809 0.737
23.125 0.738
23.437 0.739
23.748 0.74
24.058 0.741
24.369 0.742
24.679 0.743
24.988 0.744
25.297 0.745
25.606 0.746
25.913 0.747
26.22 0.748
26.526 0.749
26.83 0.75
27.133 0.751
27.436 0.752
27.738 0.753
28.042 0.754
28.346 0.755
28.653 0.756
28.962 0.757
29.275 0.758
29.591 0.759
29.912 0.76
30.238 0.761
30.571 0.762
30.912 0.763
31.262 0.764
31.623 0.765
31.996 0.766
32.383 0.767
32.784 0.768
33.201 0.769
33.636 0.77
34.089 0.771
34.559 0.772
35.045 0.773
35.544 0.774
36.056 0.775
36.577 0.776
37.107 0.777
37.644 0.778
38.186 0.779
38.731 0.78
39.278 0.781
39.827 0.782
40.379 0.783
40.935 0.784
41.494 0.785
42.058 0.786
42.627 0.787
43.201 0.788
43.782 0.789
44.37 0.79
44.965 0.791
45.568 0.792
46.178 0.793
46.796 0.794
47.421 0.795
48.054 0.796
48.694 0.797
49.342 0.798
49.997 0.799
50.66 0.8
51.33 0.801
52.008 0.802
52.694 0.803
53.388 0.804
54.091 0.805
54.802 0.806
55.521 0.807
56.25 0.808
56.988 0.809
57.736 0.81
58.493 0.811
59.26 0.812
60.038 0.813
60.825 0.814
61.624 0.815
62.433 0.816
63.253 0.817
64.085 0.818
64.928 0.819
65.783 0.82
66.65 0.821
67.529 0.822
68.421 0.823
69.325 0.824
70.243 0.825
71.173 0.826
72.117 0.827
73.074 0.828
74.045 0.829
75.03 0.83
76.029 0.831
77.043 0.832
78.072 0.833
79.117 0.834
80.179 0.835
81.257 0.836
82.353 0.837
83.468 0.838
84.601 0.839
85.753 0.84
86.925 0.841
88.118 0.842
89.33 0.843
90.564 0.844
91.818 0.845
93.094 0.846
94.39 0.847
95.709 0.848
97.049 0.849
98.411 0.85
99.796 0.851
101.2 0.852
102.64 0.853
104.1 0.854
105.58 0.855
107.1 0.856
108.64 0.857
110.22 0.858
111.83 0.859
113.47 0.86
115.15 0.861
116.86 0.862
118.61 0.863
120.39 0.864
122.21 0.865
124.07 0.866
125.96 0.867
127.89 0.868
129.86 0.869
131.87 0.87
133.92 0.871
136 0.872
138.13 0.873
140.3 0.874
142.52 0.875
144.79 0.876
147.11 0.877
149.49 0.878
151.92 0.879
154.41 0.88
156.96 0.881
159.57 0.882
162.25 0.883
164.99 0.884
167.81 0.885
170.69 0.886
173.64 0.887
176.68 0.888
179.78 0.889
182.97 0.89
186.24 0.891
189.6 0.892
193.08 0.893
196.67 0.894
200.41 0.895
204.29 0.896
208.34 0.897
212.56 0.898
216.98 0.899
221.61 0.9
226.45 0.901
231.47 0.902
236.64 0.903
241.93 0.904
247.29 0.905
252.7 0.906
258.11 0.907
263.49 0.908
268.81 0.909
274.03 0.91
279.14 0.911
284.26 0.912
289.53 0.913
295.1 0.914
301.11 0.915
307.7 0.916
315.02 0.917
323.21 0.918
332.42 0.919
342.78 0.92
354.38 0.921
367.02 0.922
380.44 0.923
394.37 0.924
408.55 0.925
422.71 0.926
436.6 0.927
449.95 0.928
462.49 0.929
473.97 0.93
484.22 0.931
493.48 0.932
502.11 0.933
510.45 0.934
518.84 0.935
527.63 0.936
537.17 0.937
547.81 0.938
559.89 0.939
573.76 0.94
589.68 0.941
607.56 0.942
627.25 0.943
648.57 0.944
671.35 0.945
695.43 0.946
720.65 0.947
746.82 0.948
773.79 0.949
801.39 0.95
829.57 0.951
858.78 0.952
889.6 0.953
922.58 0.954
958.31 0.955
997.34 0.956
1040.3 0.957
1087.6 0.958
1140 0.959
1198 0.96
1262 0.961
1331.6 0.962
1406.3 0.963
1485.6 0.964
1568.9 0.965
1655.8 0.966
1745.7 0.967
1838.1 0.968
1932.5 0.969
2028.3 0.97
2126.8 0.971
2236.3 0.972
2366.9 0.973
2528.7 0.974
2731.7 0.975
2986.1 0.976
3302 0.977
3689.4 0.978
4158.5 0.979
4719.3 0.98
5379.3 0.981
6135.7 0.982
6983 0.983
7915.7 0.984
8928.3 0.985
10016 0.986
11172 0.987
12392 0.988
13669 0.989
15000 0.99
16378 0.991
17797 0.992
19253 0.993
20740 0.994
22251 0.995
23783 0.996
25329 0.997
26885 0.998
28443 0.999
30000 1
